common.android=1795526790
analytics.iphone=172702511
analytics.ipad=3882346749
analytics.android=2541125865
jsonstore.android=790094678
jsonstore.windowsphone8=2382188257
fipshttp.iphone=933660520
fipshttp.ipad=2537779042
fipshttp.android=690177043
base.ipad=557946958
base.iphone=557946958
base.android=1542741409
base.windowsphone8=694932295
eclipse.preferences.version=1
wl_compatible_version=
wl_version=6.2.0.01.20141027-1531
eclipse.preferences.version=1
wl_compatible_version=6.2.0.0
wl_version=6.2.0.01.20141027-1531
